[(1, 1), (1, 4), (2, 0), (2, 1), (2, 2), (2, 4), (3, 1), (3, 4), (4, 4), (5, 4)]
0 0 0 0 0 0 0 0 0 0
0 1 0 0 1 0 0 0 0 0
1 1 1 0 1 0 0 0 0 0
0 1 0 0 1 0 0 0 0 0
0 0 0 0 1 0 0 0 0 0
0 0 0 0 1 0 0 0 0 0



[(1, 1), (2, 0), (2, 1), (2, 2), (3, 1)]
0 0 0 0 0 0 0 0 0 0
0 1 0 0 0 0 0 0 0 0
1 1 1 0 0 0 0 0 0 0
0 1 0 0 0 0 0 0 0 0
0 0 0 0 0 0 0 0 0 0
0 0 0 0 0 0 0 0 0 0



[]
0 0 0 0 0 0 0 0 0 0
0 0 0 0 0 0 0 0 0 0
0 0 0 0 0 0 0 0 0 0
0 0 0 0 0 0 0 0 0 0
0 0 0 0 0 0 0 0 0 0
0 0 0 0 0 0 0 0 0 0



32
56
Solutions Found:  217
Time taken: 0.0012631416320800781
