
pentominoes = [

			]




0,0 0,1 0,2 0,3 0,4

1,0 1,1 1,2 1,3 2,0

3,0 4,0 5,0 5,1 5,2

2,1 2,2 3,1 4,1 4,2

2,3 3,2 3,3 3,4 4,3

3,5 4,4 4,5 5,3 5,4

0,5 1,4 1,5 1,6 2,4

2,5 2,6 

================


[

[(0,0), (0,1), (0,2), (0,3), (0,4)],		# (I)
[(0,0), (0,1), (0,2), (0,3), (1,1)],		# (L)
[(0,0), (1,0), (2,0), (2,1), (2,2)],		# (V)
[(0,0), (0,1), (1,0), (2,0), (2,1)],		# (U)
[(0,1), (1,0), (1,1), (1,2), (2,1)],		# (X)
[(0,2), (1,1), (1,2), (2,0), (2,1)],		# (W)
[(0,1), (1,0), (1,1), (1,2), (2,0)],		# (F)
[(0,1), (0,2), (1,1), (1,2), (1,3)],		# (N)
[(0,1), (1,0), (1,1), (1,2), (1,3)],		# (Y)
[(0,0), (0,1), (1,1), (2,1), (2,2)],		# (Z)
[(0,0), (0,1), (1,0), (1,1), (2,1)],		# (P)
[(0,2), (1,0), (1,1), (1,2), (2,1)],		# (T)

]



(Pale Sorrow's victims) (wert) (thou once) (among,)
- 1 -  - 2 -    - 2 -    - 1 -   - 1 - 1 -  - 2 -
(Tho' now released) (in woodlands) (wild) (to rove?)
- 1 - 1 -   2 -    - 1 -  2 - 		- 1 -  - 1 - 1 -
(Say) (--hast) (thou) (felt) (from friends) (some cruel) (wrong,)
- 1 -  - 1 - 1 - 1 -   - 1 -  - 1 -  - 1 -   - 1 - 1 -    - 1 -
(Or) (died'st) (thou--martyr) (of) (disastrous) (love?)
- 1 -  - 1 -    - 1 - 1 - 1 -  - 1 -  - 3 -      - 1 -
(Ah!) (songstress) (sad!) (that such) (my) (lot might be,)
- 1 -   - 2 -       - 1 -  - 1 - 1 -  - 1 - - 1 - 1 - 1 - 
(To sigh, and) (sing at) (liberty--like) (thee!)
- 1 - 1 - 1 -   - 1 - 1 -  - 2 - 1 - 1 -  - 1 -



[
	[(0, 1), (0, 2)], [(0, 3), (0, 4)], [(0, 8), (0, 9)],
	[(1, 2), (1, 3)], [(1, 5), (1, 6)],
	[(3, 6), (3, 7), (3, 8)],
	[(4, 2), (4, 3)],
	[(5, 5), (5, 6)]

]


[
	[(0, 1), (0, 2), (0, 3), (0, 4)], [(0, 8), (0, 9)],
	[(1, 0), (1, 1), (1, 2), (1, 3)], [(1, 4), (1, 5), (1, 6)],
	[(3, 2), (3, 3), (3, 4)], [(3, 6), (3, 7), (3, 8)],
	[(4, 2), (4, 3)], [(4, 7), (4, 8), (4, 9)],
	[(5, 0), (5, 1), (5, 2)], [(5, 5), (5, 6)]

]



Tiles of the solution

# 31
1111100000
0000000000
0000000000
0000000000
0000000000
0000000000

# 1063936
0000000000
1111000000
1000000000
0000000000
0000000000
0000000000

# 4198407
0000000000
0000000000
0000000000
1000000000
1000000000
1110000000

# 402915712
0000000000
0000000000
0110000000
0100000000
0110000000
0000000000

0000000000
0000000000
0001000000
0011100000
0001000000

0000000000
0000000000
0000000000
0000010000
0000110000
0001100000

0000010000
0000111000
0000100000
0000000000
0000000000
0000000000

0000001100
0000000100
0000000110
0000000000
0000000000
0000000000

0000000011
0000000011
0000000001
0000000000
0000000000
0000000000

0000000000
0000000000
0000011000
0000001110
0000000000
0000000000

0000000000
0000000000
0000000000
0000000001
0000000111
0000000001

0000000000
0000000000
0000000000
0000000000
0000001000
0000011110